23
0.382731,0.630126,0.675617,-0.334602
0.382731,-0.773737,0.504826,-0.46457
0.840853,0.065367,-0.537302,0.379711
0.657394,-0.156873,-0.737037,0.82927
0.657394,0.597476,0.45919,-0.423886
0.368328,-0.786393,0.495905,-0.438333
0.473629,0.780024,-0.408948,0.580405
0.473629,-0.617055,-0.628426,0.478891
-0.742531,0.103951,-0.661697,0.494362
0.64733,-0.127394,0.751489,-0.371932
0.64733,0.612403,-0.453792,0.349683
-0.402404,0.780213,0.478892,-0.461353
0.674809,0.506018,-0.537194,0.664638
0.674809,-0.128391,0.726738,-0.641869
0.298772,-0.852913,-0.428105,0.317913
0.474816,-0.709572,-0.520631,0.669359
0.474816,0.704626,-0.527307,0.3719
0.741013,0.0031696,0.671484,-0.631184
0.543814,0.689236,0.47877,-0.167584
0.543814,0.145091,-0.826568,0.640631
-0.639165,0.709861,-0.295914,0.184885
0.32546,-0.786406,0.525016,-0.168734
0.32546,0.614487,0.718666,-0.646912
-0.887779,-0.0630254,0.455935,-0.43778
0.556935,0.628139,-0.543383,0.695591
0.556935,-0.767794,-0.316726,0.191238
-0.616154,-0.126233,-0.777444,0.597316
0.700518,-0.62385,0.346533,-0.00843647
0.700518,0.508459,-0.500743,0.380756
0.136191,0.593532,0.793203,-0.723823
0.705164,0.526321,0.475111,-0.153644
0.705164,-0.450571,-0.547475,0.383089
-0.0740765,0.721091,-0.688869,0.541171
0.517966,-0.515208,0.682841,-0.320009
0.517966,0.824191,0.228957,-0.238926
-0.680752,0.235097,0.693763,-0.62542
0.473661,0.749632,0.462274,-0.0986248
0.473661,-0.659344,0.583876,-0.553163
0.74249,-0.0575978,-0.667377,0.490393
0.581898,-0.1576,-0.797845,0.890798
0.581898,0.766042,0.273082,-0.267896
0.568145,-0.623171,0.537466,-0.485545
0.410168,-0.850808,-0.328461,0.496728
0.410168,0.493763,-0.766786,0.598967
0.81457,0.179787,0.551501,-0.497474
0.623734,0.0136932,-0.781517,0.862988
0.623734,-0.611305,0.487096,-0.444033
-0.471075,-0.791277,-0.389832,0.307145
0.659998,-0.534236,-0.528198,0.662718
0.659998,0.0764446,0.747368,-0.654002
-0.358893,-0.841872,0.403048,-0.410733
0.662564,-0.48046,0.574601,-0.263915
0.662564,0.018188,-0.748784,0.5406
0.349311,0.876828,0.330387,-0.359635
0.375078,-0.529629,-0.760795,0.856569
0.375078,0.837239,-0.397929,0.317081
0.847722,-0.136103,0.512682,-0.45946
0.704595,0.596385,-0.384541,0.535583
0.704595,-0.6523,0.279376,-0.284065
-0.0842202,-0.467792,-0.879817,0.677953
0.587927,0.170711,0.790696,-0.41974
0.587927,-0.761548,-0.272738,0.174584
0.555593,0.625221,-0.5481,0.400839
0.47715,0.74216,-0.470665,0.680134
0.47715,-0.66853,-0.570434,0.426271
-0.738007,0.0476047,-0.673111,0.478131
0.315622,-0.623578,0.715216,-0.351137
0.315622,0.779817,0.540619,-0.480039
-0.894855,0.0551068,0.442942,-0.441373
