12
0.546605,-0.712805,0.439467,-0.291366
0.546605,0.701292,0.457616,-0.299678
-0.634386,-0.00992027,0.772952,-0.533633
0.546605,0.706069,-0.450211,0.300264
0.546605,-0.708141,-0.446944,0.299099
-0.634386,-0.00178584,-0.773014,0.540498
0.343549,-0.841884,-0.416178,0.283074
0.343549,0.525096,-0.778619,0.538567
0.874041,0.124516,0.469625,-0.30602
0.34356,0.841889,0.41616,-0.289391
0.34356,-0.525087,0.778621,-0.5512
0.874032,-0.124527,-0.469638,0.313547
0.707106,0.408723,0.577016,-0.389975
0.707106,-0.410698,-0.575611,0.389108
0.00171383,0.815029,-0.579418,0.390882
0.620687,-0.664496,-0.416163,0.286672
0.620687,0.0921241,0.778627,-0.545791
-0.479056,-0.741591,0.469625,-0.310021
0.707107,-0.410271,0.575915,-0.381217
0.707107,0.409655,-0.576353,0.381539
0.000534673,0.814776,0.579775,-0.383014
0.707107,0.410301,-0.575894,0.389318
0.707107,-0.410365,0.575848,-0.389076
-5.61427e-05,-0.814404,-0.580298,0.391579
0.409202,0.70718,0.576585,-0.384509
0.409202,-0.707034,0.576764,-0.384688
0.815541,-7.3418e-05,-0.5787,0.385219
0.707107,-0.409204,-0.576673,0.389738
0.707107,0.409401,0.576534,-0.389618
0.000170163,-0.81544,0.578841,-0.39064
0.409701,-0.706445,-0.577131,0.386125
0.409701,0.707767,-0.575509,0.384895
0.81504,-0.000664517,0.579405,-0.386835
0.409822,-0.707542,0.5757,-0.383934
0.409822,0.706671,0.576768,-0.384573
-0.814918,-0.000437662,0.579576,-0.385813
