119
0.448582,-0.673874,0.587084,-0.0807065
0.448582,0.737911,0.504243,-1.34524
-0.773012,0.0371608,0.633302,0.102279
0.454477,-0.785025,-0.420935,1.40231
0.454477,0.610778,-0.648383,0.40086
0.766095,0.10337,0.63436,0.106541
0.631629,-0.278168,0.723649,-0.231935
0.631629,0.725883,-0.272285,-0.165715
-0.449543,0.629061,0.634187,0.00585526
0.698693,-0.369886,-0.612383,1.69372
0.698693,0.53681,0.47293,-1.23505
0.153803,-0.758301,0.633502,0.095268
0.059479,0.468125,-0.881658,1.99798
0.059479,0.87999,0.471252,-1.31696
0.996456,-0.0804697,0.0244973,0.953209
0.685692,-0.489542,0.538679,-0.000892982
0.685692,0.186105,-0.703698,0.478058
0.244239,0.851888,0.463286,0.335261
0.502608,-0.85552,0.124379,0.586038
0.502608,0.406223,0.76313,-1.63535
-0.703399,-0.321041,0.634162,0.0232354
0.529688,-0.510319,-0.677499,1.73822
0.529688,0.822873,-0.205694,-0.261278
0.662465,-0.249909,0.706176,-0.0503371
0.546864,-0.836377,0.0375872,0.728331
0.546864,0.322851,-0.772468,0.531443
0.63394,0.44299,0.63394,0.0354031
0.70614,0.0326246,0.70732,-0.253791
0.70614,-0.106181,-0.700065,0.449298
0.0522648,0.993811,-0.0980164,1.09425
0.015018,-0.634428,-0.772836,1.85005
0.015018,0.772979,-0.634253,0.387763
0.999774,-0.00208125,0.0211365,0.956588
0.0575983,-0.634875,0.770465,-0.343514
0.0575983,0.772574,0.632307,-1.48021
-0.996677,0.00795765,0.0810667,0.893206
0.36726,-0.314424,0.875361,-0.514618
0.36726,0.913679,0.174102,-0.822087
-0.854541,0.257545,0.451033,0.356716
0.529208,-0.808862,-0.256285,1.11915
0.529208,0.0785543,0.844848,-1.77993
-0.663233,-0.582728,0.469628,0.286643
0.521907,0.716105,-0.463472,1.46837
0.521907,0.161692,0.837537,-1.75135
0.674705,-0.679006,-0.289352,1.38772
0.11819,0.885887,0.448593,0.147916
0.11819,-0.461098,0.879443,-1.84418
0.985932,-0.0509222,-0.1592,1.22096
0.707105,-0.638425,-0.304,1.18626
0.707105,0.637063,0.306843,-0.988137
-0.0022292,-0.43193,0.901904,-0.342244
0.361091,-0.0990873,0.927251,-0.580511
0.361091,-0.901912,-0.236996,-0.24437
0.859783,0.4204,-0.289893,1.37943
0.356268,-0.092388,-0.929805,2.10855
0.356268,-0.906496,0.226581,-0.863324
-0.863798,-0.411983,-0.29004,1.40189
0.700997,-0.654904,0.282319,0.322979
0.700997,0.705561,-0.103862,-0.404223
-0.131173,0.270712,0.953682,-0.392608
0.0781079,0.294755,-0.952375,2.13641
0.0781079,-0.954167,-0.288904,-0.140614
-0.99388,-0.0518224,-0.0975507,1.08703
0.240604,0.933726,0.265077,0.421266
0.240604,0.207201,-0.94825,0.813206
-0.94033,0.291931,-0.174804,1.23421
0.013343,-0.956859,-0.290246,1.1357
0.013343,0.290416,-0.956807,0.831159
0.999822,0.00889394,0.0166424,0.962081
0.0781057,0.294753,0.952376,-0.624254
0.0781057,-0.954167,0.288902,-0.918938
0.993881,0.051821,-0.0975478,1.11377
0.272157,-0.104349,-0.956578,2.12387
0.272157,0.96186,-0.0274939,-0.536125
0.922963,-0.252857,0.290176,0.487571
0.632829,-0.750521,-0.190384,1.04507
0.632829,0.643013,-0.431349,0.0789429
0.446156,0.152489,0.881869,-0.288252
0.364233,0.103275,0.925564,-0.564892
0.364233,0.898876,-0.243632,-0.240444
-0.857128,0.42586,0.289784,0.520422
0.623612,-0.721674,0.30049,0.33885
0.623612,0.691046,0.365463,-1.08248
-0.471398,-0.0405174,0.88099,-0.304422
0.413392,-0.82001,-0.395842,1.32942
0.413392,-0.218324,0.883992,-1.84937
-0.811304,-0.529073,0.248732,0.638673
0.181812,-0.875974,0.446782,0.148512
0.181812,0.476467,0.860188,-1.82481
-0.966379,-0.0751622,0.24589,0.640824
0.148797,0.984129,0.0966904,0.609104
0.148797,-0.118948,0.981688,-1.9751
0.977609,-0.131685,-0.164134,1.22432
0.517612,0.210068,0.829427,-0.427461
0.517612,0.695005,-0.499044,0.175646
-0.68129,0.687633,0.251009,0.637279
0.681786,-0.65725,0.321232,0.307035
0.681786,0.41168,-0.60472,0.318913
0.265208,0.631302,0.728782,-0.0732505
0.475824,-0.490203,0.730269,-0.236279
0.475824,0.841761,0.25501,-0.941347
-0.739719,0.226139,0.63378,0.00608236
0.317749,-0.569651,-0.75798,1.86381
0.317749,0.817158,-0.480924,0.150372
0.893348,-0.0880344,0.440657,0.366464
0.703326,-0.708114,-0.0625048,0.878201
0.703326,0.705943,-0.0835318,-0.412772
0.103275,0.0147889,0.994543,-0.458985
0.38134,0.123814,-0.916106,2.1071
0.38134,0.881676,0.277898,-0.913672
0.842116,-0.455321,0.289003,0.581527
0.564189,-0.139963,0.813696,-0.403904
0.564189,-0.654188,-0.503715,0.175838
0.602812,0.743269,-0.29012,1.37798
0.0337405,-0.881539,-0.470903,1.43924
0.0337405,0.471908,-0.881002,0.709523
0.998861,0.0138369,0.045666,0.931522
0.185226,0.939566,-0.287935,1.15482
0.185226,0.254373,0.949203,-1.93381
0.965082,-0.22915,-0.126916,1.19508
0.66047,-0.442207,-0.606821,1.60251
0.66047,0.726576,0.189386,-0.82929
0.357154,-0.525871,0.771946,-0.171822
0.231326,0.314109,-0.920773,2.10105
0.231326,-0.937059,-0.261549,-0.221296
-0.944974,-0.152496,-0.289428,1.38992
0.388568,-0.917268,-0.0873718,0.89056
0.388568,0.249102,-0.887109,0.728251
0.835482,0.310753,0.453214,0.347004
0.212734,0.491853,0.844289,-0.467398
0.212734,-0.866655,0.45128,-1.17865
0.953671,0.0836065,-0.289001,1.39471
0.508364,-0.734309,0.449841,0.184608
0.508364,-0.165737,-0.845043,0.686217
0.695078,0.658272,0.289041,0.549939
0.257228,-0.961784,0.0938352,0.615417
0.257228,0.161746,0.952718,-1.93271
-0.931487,-0.220929,0.289003,0.551969
0.672549,-0.422885,-0.607327,1.64496
0.672549,0.00682837,0.740021,-1.60737
-0.308796,-0.906158,0.289003,0.511964
0.687189,-0.662749,-0.29755,1.16334
0.687189,0.460129,0.562186,-1.36591
-0.235677,-0.590801,0.771629,-0.158171
0.555085,-0.614041,-0.5611,1.56157
0.555085,0.775844,-0.299912,-0.143855
0.619485,-0.144982,0.771504,-0.153651
0.309573,0.840673,0.444334,0.154781
0.309573,0.352725,-0.883034,0.720933
-0.899071,0.410918,-0.151056,1.21504
0.107111,0.476565,-0.87259,2.00453
0.107111,-0.878062,-0.466406,0.133155
-0.988461,-0.0435067,-0.145095,1.21114
0.704472,0.0263234,-0.709244,1.78778
0.704472,0.0955094,0.703276,-1.58201
0.0862521,-0.99508,0.0487396,0.926206
0.0697435,0.610398,0.789018,-0.388211
0.0697435,-0.791993,0.606534,-1.41614
0.995124,0.0127271,-0.0978076,1.09261
0.257228,0.961784,0.0938342,0.596861
0.257228,-0.161745,0.952718,-1.92371
0.931487,-0.220929,-0.289003,1.41802
0.652657,-0.74778,0.121918,0.595414
0.652657,0.636613,0.410807,-1.13413
-0.384808,-0.188546,0.903534,-0.343771
0.67237,0.00637254,-0.740187,1.8604
0.67237,-0.423465,0.607121,-1.40843
-0.309574,-0.90589,-0.28901,1.37585
0.369447,-0.374264,-0.85055,1.99125
0.369447,0.899016,-0.235116,-0.265352
0.852654,-0.22737,0.470409,0.27507
0.698444,-0.680789,0.220686,0.459576
0.698444,0.581179,-0.417621,0.020207
0.156054,0.445822,0.881414,-0.310789
0.100935,0.994312,0.0340051,0.733331
0.100935,0.0237692,-0.994609,0.872433
-0.98976,0.103823,-0.0979615,1.09311
0.334002,-0.603054,0.72441,-0.299076
0.334002,0.794399,0.50732,-1.29188
-0.881411,0.0725082,0.466751,0.32615
0.122673,-0.175064,0.976885,-0.645941
0.122673,-0.974096,-0.189968,-0.285649
0.984836,0.143141,-0.0980196,1.08941
0.615751,-0.467459,0.634297,-0.114372
0.615751,0.787753,-0.0171961,-0.541669
-0.491631,0.401158,0.772898,-0.171119
0.343551,-0.841884,-0.416177,1.38117
0.343551,0.525096,-0.778618,0.5467
0.87404,0.124517,0.469627,0.29335
0.45904,-0.809927,0.365102,0.242634
0.45904,0.56808,0.683057,-1.60354
-0.760634,-0.145954,0.632561,0.118728
0.0720483,0.880176,-0.469147,1.48057
0.0720483,-0.473733,-0.877716,0.677373
-0.994796,0.0294367,-0.0975468,1.09846
0.0707174,0.832768,0.549087,-0.0303272
0.0707174,-0.553265,0.829998,-1.76195
0.994986,-0.0198653,-0.0980167,1.09719
0.201418,-0.144563,-0.968779,2.16068
0.201418,-0.9618,0.185398,-0.834094
-0.958573,-0.232472,-0.164606,1.22609
0.705889,-0.690738,-0.156853,1.00307
0.705889,0.704342,0.0749962,-0.677729
0.0586754,-0.16366,0.98477,-0.449373
0.500013,-0.592755,0.63137,-0.11059
0.500013,-0.397657,-0.769322,0.567288
0.707088,0.700365,0.0975518,0.806493
0.303839,0.00307775,0.952718,-0.607732
0.303839,-0.948091,-0.0938367,-0.408967
0.902975,0.317984,-0.289002,1.37918
0.6892,-0.212294,0.692773,-0.238263
0.6892,0.487152,-0.536363,0.175022
-0.223619,0.847121,0.482059,0.246494
0.545921,-0.783916,0.295712,0.31308
0.545921,0.0650842,-0.835305,0.648403
0.635562,0.617446,0.463487,0.335616
0.0781085,0.954167,-0.288902,1.12029
0.0781085,-0.294753,-0.952376,0.824937
-0.99388,0.051823,-0.0975512,1.11723
0.303839,0.00308021,-0.952718,2.12535
0.303839,-0.948091,0.0938344,-0.71328
-0.902975,-0.317984,-0.289003,1.42242
0.666805,-0.648883,-0.3665,1.31075
0.666805,0.299887,0.682231,-1.54847
-0.33278,-0.699299,0.632644,0.072673
0.290312,-0.940968,-0.174064,1.02705
0.290312,-0.0867199,0.952994,-1.94449
-0.911832,-0.327199,0.247999,0.641174
0.0395802,-0.236655,-0.970787,2.17175
0.0395802,0.971157,-0.235131,-0.243614
0.998432,-0.0291174,0.0478054,0.928644
0.226217,-0.422423,-0.877716,1.99154
0.226217,-0.853655,0.469147,-1.30634
-0.947445,-0.304683,-0.0975522,1.12367
0.0693094,0.63509,-0.769322,1.84293
0.0693094,-0.772379,-0.631369,0.38047
-0.995185,-0.00956143,-0.0975508,1.11601
0.605302,-0.792899,-0.0701504,0.881147
0.605302,0.401268,0.687455,-1.55735
-0.516933,-0.45858,0.722831,-0.0679453
0.676939,-0.702507,0.219632,0.451973
0.676939,0.711374,0.188945,-0.834151
-0.288976,0.0207728,0.957111,-0.40982
0.20946,-0.827719,0.520584,0.0156832
0.20946,0.558017,0.802959,-1.70891
-0.955119,-0.0591464,0.290256,0.518711
0.10535,-0.108458,0.988503,-0.64519
0.10535,0.989658,0.0973572,-0.763837
-0.988839,0.0938824,0.115687,0.737174
0.552851,-0.0128444,-0.833181,1.98459
0.552851,0.753773,0.355221,-1.07942
0.623467,-0.657009,0.423825,0.390592
0.256525,0.923405,-0.285514,1.19741
0.256525,0.21976,0.941223,-1.91374
0.931874,-0.314689,-0.180503,1.23931
0.667283,-0.695167,-0.26735,1.17124
0.667283,0.717443,-0.200021,-0.259517
0.330856,-0.0449279,0.942611,-0.380021
0.606415,-0.402971,-0.685475,1.75693
0.606415,0.791982,0.0708906,-0.68222
0.514317,-0.458671,0.724637,-0.0692065
0.137432,0.948338,0.28595,0.31336
0.137432,-0.304153,0.942657,-1.90916
0.980931,-0.0902529,-0.172133,1.23187
0.0390324,-0.291395,0.955806,-0.614037
0.0390324,0.95625,0.289936,-0.980646
-0.998475,0.0259905,0.0486986,0.927946
0.271703,0.105997,-0.956526,2.14735
0.271703,-0.961931,-0.0294178,-0.535688
-0.923231,-0.251898,-0.290159,1.38168
0.373216,-0.365495,0.852715,-0.449729
0.373216,-0.782326,-0.498674,0.17483
0.849364,0.50436,-0.155568,1.21956
0.692432,-0.721417,0.00979388,0.746552
0.692432,0.660675,-0.289908,-0.119367
0.202674,0.207523,0.957004,-0.40031
0.509694,0.732502,-0.451279,1.42002
0.509694,0.165491,0.844289,-1.78836
0.693126,-0.660344,-0.289002,1.35551
0.562574,-0.303207,0.76914,-0.364933
0.562574,0.822115,-0.087394,-0.41385
-0.605823,0.481863,0.633076,0.0897185
0.581887,-0.255497,-0.772094,1.89349
0.581887,-0.532456,0.614734,-1.42702
-0.568169,-0.806977,-0.161159,1.22276
0.546996,-0.674944,0.495224,0.0569711
0.546996,0.735986,0.3989,-1.10584
-0.633712,0.0526888,0.771772,-0.161302
0.319601,-0.657526,-0.682287,1.74111
0.319601,0.752661,-0.575636,0.297389
0.892026,-0.0340856,0.450696,0.356548
0.189377,-0.977217,-0.0958317,0.886684
0.189377,0.132116,-0.972976,0.84379
0.963469,0.166111,0.210082,0.679621
0.67492,-0.62313,-0.395212,1.32814
0.67492,0.737813,-0.010721,-0.546422
0.298273,-0.259501,0.918527,-0.35781
0.666273,-0.299183,-0.683059,1.71328
0.666273,0.650218,0.3651,-1.07163
0.334905,-0.69836,0.63256,0.0115295
0.0354836,-0.471959,-0.880906,2.01728
0.0354836,0.8815,-0.470848,0.149678
0.99874,-0.0145503,0.0480255,0.928632
0.55613,-0.777792,-0.292846,1.14341
0.55613,0.610118,-0.564336,0.258365
0.617607,0.150984,0.771859,-0.151068
0.12347,0.973131,0.194349,0.482901
0.12347,0.179261,-0.976023,0.846094
-0.984637,0.144506,-0.098019,1.09072
0.229004,0.329108,-0.916103,2.10913
0.229004,-0.932914,-0.277902,-0.179496
-0.946105,-0.146151,-0.289008,1.32492
0.704808,-0.511247,0.491805,0.065101
0.704808,0.583386,-0.403616,-0.0020304
-0.0805653,0.6311,0.771506,-0.153439
0.130633,0.962173,0.239079,0.442677
0.130633,-0.255747,0.957877,-1.94897
0.982787,-0.093899,-0.159101,1.22114
0.500019,0.59275,0.631371,-0.113725
0.500019,0.397652,-0.769321,0.570761
-0.70708,0.700372,-0.0975523,1.09216
0.257227,0.961784,0.0938358,0.612245
0.257227,-0.161746,0.952719,-1.93921
0.931487,-0.220928,-0.289002,1.37191
0.499494,-0.645684,-0.577579,1.59806
0.499494,0.759378,-0.416954,0.0294275
0.707822,-0.080231,0.70182,-0.0475554
0.233002,-0.93983,0.249859,0.43728
0.233002,0.303399,0.923937,-1.89205
-0.944151,-0.157061,0.289675,0.51779
0.143561,0.26737,0.95284,-0.618958
0.143561,0.947002,-0.287362,-0.200623
-0.979173,0.178045,0.0975688,0.805777
0.0889477,0.105451,0.990438,-0.66361
0.0889477,-0.991248,0.0975494,-0.692628
0.992057,0.0794205,-0.0975489,1.09468
0.681955,-0.526181,-0.508007,1.48017
0.681955,0.206419,0.701661,-1.56883
-0.264339,-0.824939,0.499601,0.223751
0.425753,-0.282026,0.859765,-0.459014
0.425753,0.900869,0.084678,-0.689658
-0.798417,0.329995,0.50362,0.220927
0.567318,-0.794625,0.216153,0.457313
0.567318,0.567386,0.596845,-1.39341
-0.59691,-0.215973,0.772693,-0.167062
0.356834,-0.442106,-0.822929,1.9567
0.356834,0.878629,-0.317302,-0.0928338
0.86333,-0.180425,0.471283,0.310694
0.0889496,0.991248,-0.0975511,0.893569
0.0889496,-0.105453,-0.990438,0.86483
-0.992056,0.0794219,-0.0975511,1.09375
0.187082,-0.901737,-0.389706,1.32234
0.187082,0.422155,-0.887009,0.725279
0.964366,0.0930364,0.247676,0.640184
0.38134,-0.123813,-0.916106,2.11318
0.38134,-0.881676,0.277897,-0.9276
-0.842116,-0.455321,-0.289004,1.33214
