65
0.393236,0.821655,-0.412611,1.17985
0.393236,-0.555947,-0.732317,0.756862
-0.831102,0.12572,-0.541723,0.70771
0.642812,0.661872,-0.38564,1.18046
0.642812,-0.192262,0.741504,-0.677424
0.416637,-0.724542,-0.549047,0.724372
0.521646,0.853162,-0,0.450533
0.521646,-0.318949,-0.791301,0.832982
-0.675107,0.412779,-0.611427,0.775346
0.505651,0.862738,-0,0.450047
0.505651,-0.296362,0.810239,-0.745675
0.699024,-0.409698,-0.5861,0.770112
0.690031,-0.677735,-0.254031,1.13379
0.690031,0.510082,0.513491,-0.600404
-0.218434,-0.529614,0.819631,-0.692281
0.588077,-0.766368,-0.258546,1.14394
0.588077,0.624613,-0.513832,0.718964
0.555276,0.150128,0.818004,-0.718548
0.634633,-0.772814,-0,0.350564
0.634633,0.521158,0.570645,-0.655205
-0.441002,-0.36215,0.821197,-0.742934
0.649985,-0.759947,-0,0.451064
0.649985,0.555935,-0.518126,0.74446
0.393748,0.336775,0.855304,-0.770727
0.660783,-0.114488,0.976456,-0.275126
0.530738,-0.518242,-0.215715,0.610331
0.530738,0.660783,-0,-0.152047
0.325139,-0.111789,0.939036,-0.329185
0.325139,0.945666,-0,-0.0508447
-0.888014,0.305317,0.34382,-0.573851
0.635163,0.522325,-0.568985,1.28764
0.635163,-0.772378,-0,0.0506977
-0.439471,-0.361398,-0.822348,0.87947
0.707107,-0.707107,-0,0.649676
0.707107,0.707107,-0,0.0490471
0,0,1,-0.880941
0.158911,0.0255777,0.986962,-0.353256
0.158911,-0.987293,-0,-0.0502246
0.97442,0.156839,-0.160956,0.611871
0.651358,-0.102766,0.981485,-0.27897
0.536532,-0.526598,-0.191537,0.601829
0.536532,0.651357,-0,0.250036
-0.941893,-0.209122,-0.474204,1.27226
0.237527,0.112636,-0.880415,0.935681
0.237527,-0.941893,-0,0.0502517
0.707107,0.707107,-0,0.548459
0.707107,-0.707107,-0,0.049936
-0,0,-1,1.01506
0.632739,-0.774365,-0,0.749996
0.632739,0.517015,0.576486,-0.661213
-0.446411,-0.364765,0.817107,-0.746437
0.57735,0.57735,-0,0.951095
0.57735,0,1,-0.867563
0.57735,-0.57735,-0,0.0492664
0.119741,0.231477,0.965443,-0.342851
0.119741,-0.968708,0.217409,-0.525556
0.985558,0.0895701,-0.143711,0.601716
-0.57735,0,-1,1.54012
0.57735,0.57735,-0,0.0497931
0.57735,-0.57735,-0,0.0504877
0.49442,0.131696,0.976775,-0.330829
0.614634,-0.600359,0.214268,-0.521634
0.614634,0.49442,-0,0.0503749
0.515394,0.856954,-0,0.750153
0.515394,-0.309971,-0.798929,0.833726
-0.684645,0.411763,-0.601425,0.769624
0.163437,0.0270758,0.986182,-0.352889
0.163437,-0.986554,-0,0.248964
0.972922,0.161179,-0.165665,0.613219
0.57735,0.57735,-0,0.449171
0.57735,0,1,-0.899563
0.57735,-0.57735,-0,0.0498051
0.296117,-0.0918023,0.95073,-0.336413
0.296117,0.955152,-0,0.249185
-0.908091,0.281527,0.310021,-0.558746
0.683217,-0.639244,-0.352961,1.21402
0.683217,0.730215,-0,0.0488358
0.257738,-0.241149,0.935638,-0.845889
0.57735,0,1,-0.362864
0.57735,-0.57735,-0,0.0492332
0.57735,0.57735,-0,0.0508087
0.490934,0.871197,-0,0.650465
0.490934,-0.276649,0.826105,-0.753507
0.7197,-0.405563,-0.563516,0.763049
0.57735,-0.57735,-0,0.650636
-0.57735,0,-1,1.00344
0.57735,0.57735,-0,0.0511405
0.321257,-0.108983,0.9407,-0.329844
0.321257,0.946992,-0,-0.247156
-0.890836,0.302206,0.339239,-0.571872
-0.57735,0,-1,1.54012
0.57735,0.57735,-0,0.250255
0.57735,-0.57735,-0,0.150326
-0.57735,0,-1,1.54012
0.57735,0.57735,-0,-0.150361
0.57735,-0.57735,-0,-0.0487537
0.648163,-0.761502,-0,0.750592
0.648163,0.551693,-0.5249,0.751432
0.399713,0.340221,0.851164,-0.776439
0.57735,0,1,-0.361864
0.57735,-0.57735,-0,-0.150252
0.57735,0.57735,-0,0.150163
-0.16818,0.620343,-0.45601,1.22476
0.697035,0.317855,0.889974,-0.762472
0.697035,-0.16818,-0,0.14952
0.65175,-0.103261,0.981288,-0.277027
0.536294,-0.526258,-0.192546,0.60241
0.536294,0.65175,-0,0.449355
0.57735,0,1,-0.361864
0.57735,-0.57735,-0,0.349827
0.57735,0.57735,-0,0.0497583
0.707107,0.707107,-0,0.349427
0.707107,-0.707107,-0,0.0504123
-0,0,-1,1.01506
0.707107,-0.707107,-0,0.450691
0.707107,0.707107,-0,0.151004
0,0,1,-0.880941
0.57735,0.57735,-0,0.650477
0.57735,0,1,-0.899564
0.57735,-0.57735,-0,-0.0492692
-0.57735,0,-1,1.54012
0.57735,0.57735,-0,-0.0502209
0.57735,-0.57735,-0,0.249704
-0.57735,0,-1,1.54012
0.57735,0.57735,-0,0.149472
0.57735,-0.57735,-0,-0.0487702
0.334554,0.0719735,0.939624,-0.32902
0.334554,0.923061,-0.189823,0.614716
-0.880992,0.377861,0.284735,-0.545711
0.57735,-0.57735,-0,0.849764
-0.57735,0,-1,1.00244
0.57735,0.57735,-0,-0.0509219
0.707107,0.707107,-0,0.750158
0.707107,-0.707107,-0,0.0492387
-0,0,-1,1.01506
0.57735,0,1,-0.362864
0.57735,-0.57735,-0,0.249499
0.57735,0.57735,-0,0.248952
0.57735,0.57735,-0,0.749152
0.57735,0,1,-0.899563
0.57735,-0.57735,-0,0.150182
0.479572,0.156401,0.967711,-0.310348
0.620488,-0.600453,0.252061,-0.534358
0.620488,0.479572,-0,0.149597
0.493281,0.133584,0.976132,-0.348097
0.615091,-0.60041,0.217178,-0.526472
0.615091,0.493281,-0,-0.2501
-0.188176,0.599472,-0.504858,1.25242
0.694474,0.350611,0.863203,-0.766314
0.694474,-0.188176,-0,0.349863
0.653141,-0.10501,0.980581,-0.278671
0.535447,-0.525049,-0.196116,0.603531
0.535447,0.653141,-0,0.0502662
0.57735,0,1,-0.362864
0.57735,-0.57735,-0,-0.250344
0.57735,0.57735,-0,-0.0507146
0.57735,-0.57735,-0,0.651138
-0.57735,0,-1,1.00244
0.57735,0.57735,-0,0.150135
0.148102,0.0221788,0.988723,-0.352081
0.148102,-0.988972,-0,0.450137
0.97782,0.146432,-0.149753,0.604485
0.57735,0,1,-0.361864
0.57735,-0.57735,-0,0.248963
0.57735,0.57735,-0,-0.0507956
0.644445,-0.764651,-0,0.551404
0.644445,0.543136,-0.538232,0.748646
0.411559,0.346861,0.842797,-0.758591
0.152696,0.0235927,0.987992,-0.35378
0.152696,-0.988273,-0,-0.248574
0.976406,0.150862,-0.154508,0.607715
0.707107,-0.707107,-0,0.450563
0.707107,0.707107,-0,-0.150145
0,0,1,-0.880941
-0.931612,-0.220651,-0.512716,1.29081
0.257002,0.131769,-0.858558,0.927227
0.257002,-0.931612,-0,0.14991
0.624001,0.498292,-0.601937,1.30599
0.624001,-0.781424,-0,-0.150431
-0.470368,-0.375609,-0.798544,0.875195
0.252316,-0.322858,0.912195,-0.183369
0.252316,0.932036,0.260089,-0.506264
-0.93417,0.164537,0.31663,-0.514958
0.57735,0.57735,-0,0.550859
0.57735,0,1,-0.900563
0.57735,-0.57735,-0,0.14944
0.707107,-0.707107,-0,0.850094
0.707107,0.707107,-0,0.150386
0,0,1,-0.880941
0.57735,0,1,-0.329864
0.57735,-0.57735,-0,-0.250109
0.57735,0.57735,-0,0.449897
-0.189162,0.598394,-0.507221,1.25162
0.694341,0.352184,0.861816,-0.763828
0.694341,-0.189161,-0,-0.0498065
